1.53612615740531e-07,0.00305356555798052,0.0121614600963706,0.00618157737618064,1.45437711643526e-05,7.8878170030194e-06,0.000256756846468494,0.0197021307584012,0.826979663847877,0.131642260315938
0.0751196590108788,0.0244510610194969,0.0167016337455374,0.000931910227136505,2.25978460095236e-05,1.95347796618782e-05,3.65122880838561e-06,2.39052570746524e-05,0.145820483709994,0.736905563175402
0.692521099163663,0.085797888539593,0.00159844651280571,3.85582161973544e-06,9.30103435735384e-06,9.14581330672672e-06,9.58848634533285e-06,6.89948255175489e-06,0.00081103228296906,0.219232742862788
0.0735432794553391,0.664143861909521,0.198007912216803,0.000413284840836391,2.72370950465719e-05,2.2444792715875e-05,8.96834094835133e-07,0.000409934668004124,0.0167458364446027,0.0466853117430364
0.0828600717656063,0.382154068993762,0.287526839525772,0.014619331335158,5.92050671379286e-05,3.39660858221281e-05,0.000175535481843152,0.00532924257172042,0.0804912152998539,0.146750523873324
0.000311697163507635,0.0429147025837534,0.741923548322708,0.163346562027432,2.10260331434635e-05,2.2614365162746e-07,0.00239736958250843,0.00848514814795955,0.0278263253245446,0.012773394670791
1.71222374740259e-05,1.59134952926993e-07,0.0939270236043633,0.817424490088594,4.48919944369183e-08,0.0146348505346072,0.0355664074045042,0.0207568155646023,0.0166875266570524,0.000985559881855775
1.87201425293179e-05,2.18010353083604e-05,1.57387919033674e-05,0.276740325070159,0.574572539393914,0.143492298836947,0.0051193877729825,2.17196089362275e-07,6.2444806043305e-07,1.83473121061091e-05
2.01729180645202e-05,2.25562604986346e-05,9.56838702032753e-06,0.0357160958446918,0.0991371441934003,0.723359820539898,0.1415611144596,0.000154598248919415,2.68143770076383e-07,1.8661004137471e-05
2.38507647851652e-05,1.86317162817315e-05,0.000866024564458637,0.0387156434255,0.000282432390063798,0.1255420032466,0.771140898314324,0.059678902079164,0.00372321793354987,8.3955652724044e-06
1.98326111473804e-05,2.08515369126268e-06,0.00449844036569565,0.0200850588544081,1.21747443564852e-05,0.000337771455321549,0.155110027687189,0.74217662819249,0.077757792946885,1.87988815590261e-07
0.000148006972316929,0.0100307862218551,0.0616708369623994,0.0525259777751927,3.91997324012687e-05,1.76391941790325e-07,0.0118500670923082,0.179611667527157,0.622444807740268,0.0616784735841598
0.289433690271392,0.549769675845038,0.0533817369297574,7.4014894877714e-07,2.97629200294659e-05,2.67871824478937e-05,1.18568155776783e-05,2.35077177707477e-05,0.014096884085587,0.0932253580834513
1,-0,0,0,0,0,0,0,0,0
0,1,-0,0,0,0,0,0,0,0
0,0,1,-0,0,0,0,0,0,0
0,0,0,1,-0,0,0,0,0,0
0,0,0,0,1,0,0,0,0,0
0,0,0,0,0,1,0,0,0,0
0,0,0,0,0,0,1,-0,0,0
0,0,0,0,0,0,0,1,-0,0
0,0,0,0,0,0,0,0,1,-0
-0,0,0,0,0,0,0,0,0,1
0.909090909090909,0.0909090909090911,0,0,0,0,0,0,0,0
0.818181818181818,0.181818181818182,0,0,0,0,0,0,0,0
0.727272727272728,0.272727272727273,0,0,0,0,0,0,0,0
0.636363636363636,0.363636363636364,0,0,0,0,0,0,0,0
0.545454545454545,0.454545454545455,0,0,0,0,0,0,0,0
0.454545454545455,0.545454545454545,0,0,0,0,0,0,0,0
0.363636363636364,0.636363636363636,0,0,0,0,0,0,0,0
0.272727272727273,0.727272727272727,0,0,0,0,0,0,0,0
0.181818181818181,0.818181818181819,0,0,0,0,0,0,0,0
0.0909090909090911,0.909090909090909,0,0,0,0,0,0,0,0
0,0.909090909090909,0.0909090909090912,0,0,0,0,0,0,0
0,0.818181818181818,0.181818181818182,0,0,0,0,0,0,0
0,0.727272727272727,0.272727272727273,0,0,0,0,0,0,0
0,0.636363636363636,0.363636363636364,0,0,0,0,0,0,0
0,0.545454545454545,0.454545454545455,0,0,0,0,0,0,0
0,0.454545454545455,0.545454545454545,0,0,0,0,0,0,0
0,0.363636363636364,0.636363636363636,0,0,0,0,0,0,0
0,0.272727272727273,0.727272727272727,0,0,0,0,0,0,0
0,0.181818181818182,0.818181818181818,0,0,0,0,0,0,0
0,0.0909090909090912,0.909090909090909,0,0,0,0,0,0,0
0,0,0.909090909090909,0.0909090909090909,0,0,0,0,0,0
0,0,0.818181818181818,0.181818181818182,0,0,0,0,0,0
0,0,0.727272727272727,0.272727272727273,0,0,0,0,0,0
0,0,0.636363636363636,0.363636363636364,0,0,0,0,0,0
0,0,0.545454545454545,0.454545454545455,0,0,0,0,0,0
0,0,0.454545454545455,0.545454545454545,0,0,0,0,0,0
0,0,0.363636363636364,0.636363636363636,0,0,0,0,0,0
0,0,0.272727272727273,0.727272727272727,0,0,0,0,0,0
0,0,0.181818181818181,0.818181818181819,0,0,0,0,0,0
0,0,0.0909090909090908,0.909090909090909,0,0,0,0,0,0
0,0,0,0.909090909090909,0.090909090909091,0,0,0,0,0
0,0,0,0.818181818181818,0.181818181818182,0,0,0,0,0
0,0,0,0.727272727272727,0.272727272727273,0,0,0,0,0
0,0,0,0.636363636363636,0.363636363636364,0,0,0,0,0
0,0,0,0.545454545454545,0.454545454545455,0,0,0,0,0
0,0,0,0.454545454545455,0.545454545454545,0,0,0,0,0
0,0,0,0.363636363636364,0.636363636363636,0,0,0,0,0
0,0,0,0.272727272727273,0.727272727272727,0,0,0,0,0
0,0,0,0.181818181818182,0.818181818181818,0,0,0,0,0
0,0,0,0.0909090909090905,0.90909090909091,0,0,0,0,0
0,0,0,0,0.909090909090909,0.0909090909090909,0,0,0,0
0,0,0,0,0.818181818181818,0.181818181818182,0,0,0,0
0,0,0,0,0.727272727272727,0.272727272727273,0,0,0,0
0,0,0,0,0.636363636363636,0.363636363636364,0,0,0,0
0,0,0,0,0.545454545454545,0.454545454545455,0,0,0,0
0,0,0,0,0.454545454545455,0.545454545454545,0,0,0,0
0,0,0,0,0.363636363636364,0.636363636363636,0,0,0,0
0,0,0,0,0.272727272727273,0.727272727272727,0,0,0,0
0,0,0,0,0.181818181818182,0.818181818181818,0,0,0,0
0,0,0,0,0.0909090909090911,0.909090909090909,0,0,0,0
0,0,0,0,0,0.909090909090909,0.0909090909090907,0,0,0
0,0,0,0,0,0.818181818181818,0.181818181818182,0,0,0
0,0,0,0,0,0.727272727272727,0.272727272727273,0,0,0
0,0,0,0,0,0.636363636363636,0.363636363636364,0,0,0
0,0,0,0,0,0.545454545454546,0.454545454545454,0,0,0
0,0,0,0,0,0.454545454545454,0.545454545454546,0,0,0
0,0,0,0,0,0.363636363636364,0.636363636363636,0,0,0
0,0,0,0,0,0.272727272727273,0.727272727272727,0,0,0
0,0,0,0,0,0.181818181818182,0.818181818181818,0,0,0
0,0,0,0,0,0.0909090909090908,0.909090909090909,0,0,0
0,0,0,0,0,0,0.909090909090909,0.0909090909090909,0,0
0,0,0,0,0,0,0.818181818181818,0.181818181818182,0,0
0,0,0,0,0,0,0.727272727272727,0.272727272727273,0,0
0,0,0,0,0,0,0.636363636363636,0.363636363636364,0,0
0,0,0,0,0,0,0.545454545454545,0.454545454545455,0,0
0,0,0,0,0,0,0.454545454545454,0.545454545454546,0,0
0,0,0,0,0,0,0.363636363636364,0.636363636363636,0,0
0,0,0,0,0,0,0.272727272727273,0.727272727272727,0,0
0,0,0,0,0,0,0.181818181818182,0.818181818181818,0,0
0,0,0,0,0,0,0.0909090909090909,0.909090909090909,0,0
0,0,0,0,0,0,0,0.909090909090909,0.090909090909091,0
0,0,0,0,0,0,0,0.818181818181818,0.181818181818182,0
0,0,0,0,0,0,0,0.727272727272727,0.272727272727273,0
0,0,0,0,0,0,0,0.636363636363636,0.363636363636364,0
0,0,0,0,0,0,0,0.545454545454545,0.454545454545455,0
0,0,0,0,0,0,0,0.454545454545455,0.545454545454545,0
0,0,0,0,0,0,0,0.363636363636364,0.636363636363636,0
0,0,0,0,0,0,0,0.272727272727273,0.727272727272727,0
0,0,0,0,0,0,0,0.181818181818182,0.818181818181818,0
0,0,0,0,0,0,0,0.0909090909090909,0.909090909090909,0
0,0,0,0,0,0,0,0,0.909090909090909,0.0909090909090908
0,0,0,0,0,0,0,0,0.818181818181818,0.181818181818182
0,0,0,0,0,0,0,0,0.727272727272727,0.272727272727273
0,0,0,0,0,0,0,0,0.636363636363636,0.363636363636364
0,0,0,0,0,0,0,0,0.545454545454545,0.454545454545455
0,0,0,0,0,0,0,0,0.454545454545455,0.545454545454545
0,0,0,0,0,0,0,0,0.363636363636364,0.636363636363636
0,0,0,0,0,0,0,0,0.272727272727273,0.727272727272727
0,0,0,0,0,0,0,0,0.181818181818182,0.818181818181818
0,0,0,0,0,0,0,0,0.0909090909090907,0.909090909090909
0.0909090909090909,0,0,0,0,0,0,0,0,0.909090909090909
0.181818181818182,0,0,0,0,0,0,0,0,0.818181818181818
0.272727272727272,0,0,0,0,0,0,0,0,0.727272727272728
0.363636363636363,0,0,0,0,0,0,0,0,0.636363636363636
0.454545454545454,0,0,0,0,0,0,0,0,0.545454545454546
0.545454545454545,0,0,0,0,0,0,0,0,0.454545454545455
0.636363636363636,0,0,0,0,0,0,0,0,0.363636363636364
0.727272727272727,0,0,0,0,0,0,0,0,0.272727272727273
0.818181818181818,0,0,0,0,0,0,0,0,0.181818181818182
0.909090909090909,0,0,0,0,0,0,0,0,0.0909090909090912
0.0138191695396263,0.0182375065373622,0.0226698737524007,0.00362137257458871,2.30435663614811e-05,1.68436774875281e-05,4.61645313366713e-07,0.00130899018269859,0.386942789200346,0.553359949323815
2.12236408090266e-05,2.18852581813956e-05,6.07620388527011e-06,0.609515235845582,0.311189275726913,0.0643606135043023,0.0142067516927391,0.00066088661660976,8.03966166624267e-06,1.00118493120309e-05
2.81957529001236e-05,2.58577612505601e-05,1.36089691515045e-06,0.0647982705131254,0.014596170793177,0.436623904813401,0.475509513891496,0.00722733397761689,0.00117460767121089,1.47839289067599e-05
0.00296733120234939,0.133120615432951,0.695129737966928,0.0830466435180582,3.2716058902379e-05,6.44832287083511e-06,0.00205758781973458,0.0101295840798935,0.0448914121724635,0.0286179234258491
0.21904167077397,0.747088431049989,0.0149531029938565,6.16428890032222e-07,1.03939513671078e-05,9.86956951382619e-06,7.97440676317846e-06,5.53722028547716e-07,0.00268862575767509,0.0161987613459464
0.810039165047287,0.114840194191873,2.1163984630523e-07,5.29579357065406e-06,4.69201687852773e-06,4.65240906331288e-06,5.46924911513254e-06,6.98679644103478e-06,2.35555694107728e-07,0.0750930973002312
0.0177556810632573,0.559448123051949,0.38138265422588,0.00124515985863268,2.09268960136467e-05,1.58044749850939e-05,4.01948533740171e-07,0.000833735092405176,0.0143362908628376,0.0249612225255061
0.000385896830113576,0.315309783610235,0.67984233537196,3.31089036206819e-08,4.26685502436183e-06,3.59807128629088e-06,2.92823176318815e-07,0.000206414526635837,0.00204899674801315,0.00219838205465115
3.00662904030555e-07,0.0374880210748664,0.869739495727644,0.0798303957494746,9.62100711561893e-06,4.52073517711481e-06,0.000339439071747932,0.00186365833746501,0.00715624563844199,0.00356830199516331
0.0171617116079433,0.743184291645284,0.22327531217107,1.16096380711262e-07,1.07977502801836e-05,9.62082822641207e-06,3.29691356898428e-06,6.88245053740285e-05,0.00451461522846392,0.0117714132534088
1.69900370724624e-05,9.12855551969537e-07,0.0243484681550253,0.901871218656197,0.0122431815229531,0.0177580129458866,0.0263430037668628,0.0105311749108111,0.00673141101383182,0.000155626135807844
2.25823524839003e-07,0.00225414730076013,0.42029571746182,0.522254257269612,7.04488198475443e-06,0.000315225796471622,0.0103357652508916,0.0152728318593873,0.0244412886029996,0.00482349575254869
0.404596802481738,0.583117707393109,0.00254927041997659,3.35800837342229e-06,5.31307473365895e-06,5.16506897821986e-06,5.12101788851498e-06,3.37788360880673e-06,0.000844664623295987,0.00886922002829839
0.465443990596305,0.374098970776728,0.0214033632312699,3.34522925968356e-07,2.53351541355852e-05,2.36565875725455e-05,1.51986844014247e-05,6.66569092874125e-07,0.00932035963408382,0.129668124243485
0.0603657958613103,0.86392305713684,0.0637495393990751,2.70790731884003e-07,8.70972413999222e-06,8.14510737464733e-06,5.8218913002535e-06,8.79452332194907e-06,0.00256842128870414,0.00936144427720207
0.133682699034994,0.847364799789753,0.0125293731173498,1.040678682573e-06,5.14163979075584e-06,4.96143104945696e-06,4.63594965981453e-06,1.01996030879194e-06,0.00100757409902863,0.0053987542993827
0.756813414537054,0.21452553452832,2.08455271360335e-05,4.39858388352315e-06,3.72629078766005e-06,3.68810129727488e-06,4.31357467510025e-06,5.63768059740192e-06,3.30244559423825e-05,0.028585416720307
0.0013535617033494,0.49508955069355,0.497057712816128,8.52497661415186e-06,5.60074799269966e-06,4.81022476622578e-06,6.38689279195897e-07,0.000164933152851067,0.00258166976095795,0.00373299723451165
1.57784287047298e-05,0.13556537408503,0.858539237789553,0.00182480045091708,4.17771982203986e-06,3.24746268585761e-06,1.68331491925467e-05,0.000384435786427979,0.00217034862690482,0.0014757665007615
7.25801595090125e-08,0.00936671701495489,0.840826043662318,0.144164023285308,5.11500405288106e-06,2.63840518261405e-06,0.000177811263107282,0.000919209949428971,0.00317566300740072,0.0013627058280877
9.68514149339007e-08,0.054184639527341,0.926888982949842,0.0136192895815207,4.95862839039956e-06,3.26749845619574e-06,7.43415301998615e-05,0.000658295436656026,0.00293488974750963,0.00163123824866922
0.00446216494448984,0.673492882232059,0.314992155699279,2.93473080056852e-07,5.73205145563184e-06,5.16568983514472e-06,2.31732289602012e-06,5.04226022809023e-05,0.00218849483667805,0.00480037114794661
4.51380637344696e-06,4.68874277192739e-07,0.138766439032657,0.853060771742236,3.09213530155861e-09,0.000461220650446661,0.00305870210101517,0.00230660928582624,0.00219761331725086,0.000143658097781836
7.51770740966308e-06,0.000237471473372776,0.236835928699137,0.699413926269876,1.37677808859133e-08,0.00305078970341445,0.018549114659528,0.0181375556318484,0.0211782344268773,0.00258944766075613
3.25224026140215e-06,7.03569808544682e-05,0.491923981047199,0.493765732873597,6.0335446288792e-06,5.48962078679907e-08,0.00228346829846506,0.00391905277183628,0.00671296376114851,0.0013151035858006
0.314774008783393,0.675557868764652,0.00315199057408927,2.3712366892747e-06,4.24284428287517e-06,4.10397233797604e-06,3.94347401364307e-06,2.1926287040843e-06,0.000777126066073688,0.00572215165576406
0.0473132963199561,0.9315761453144,0.0183828949036937,8.24586906683859e-07,3.17191183789335e-06,3.07563598805701e-06,3.02030346287507e-06,9.70643113001506e-07,0.000545893917419276,0.00217070646322216
0.0165666453453406,0.84040685347874,0.136944457076228,1.28770182239126e-07,5.35485971931e-06,5.02785886054178e-06,3.44117236333885e-06,2.81880404522715e-06,0.00152048408617119,0.0045447885483499
0.675918491854457,0.310416208405115,0.000219728678477691,3.58576821554466e-06,3.51990471420539e-06,3.4720493858468e-06,3.945204446994e-06,4.67456354868928e-06,0.000142275762627545,0.013284097809011
0.000460855243270712,0.406250550292456,0.588671184285465,3.63287388047472e-05,4.37718859961995e-06,3.73501354943114e-06,5.19890327034054e-07,0.00017576194362104,0.00202141516765057,0.00237527223625534
2.66147716689973e-07,0.0020887505558472,0.765699944841977,0.228518587469513,3.65423447978922e-06,1.99792073378691e-06,0.000157590953189304,0.00068173789075038,0.00207582676206932,0.000771643223723856
0.0014750491543177,0.587070114369016,0.407081834386812,4.89902113702234e-08,4.13041572731806e-06,3.73764276289843e-06,1.659914444235e-06,5.62378844364816e-05,0.00154008650359069,0.00276710073868156
3.38853013114746e-06,2.59165084819721e-07,0.226323942772621,0.768647644427324,1.46199668786874e-06,6.04315189934075e-05,0.00157669622746755,0.0015313693194959,0.00170341170720411,0.000151394334989568
3.26096944653297e-06,3.05394283460692e-08,0.406093174723369,0.587658646164013,3.46773532360285e-06,6.24128975644735e-08,0.00118268808720358,0.00182471587071275,0.00279805208927798,0.00043590140832724
2.4007631093407e-06,9.11614054615551e-05,0.586451412834542,0.407344991236324,4.20929654895447e-06,1.14456546035887e-07,0.000690201354649342,0.00153578367805429,0.00312847750334118,0.000751247471423937
0.328276630600978,0.623766189513817,0.0152603679450703,4.3853638734238e-07,1.37366775786436e-05,1.30084130410658e-05,1.0089305329395e-05,6.21733069901416e-07,0.00373499130627688,0.0289239259684514
1.81912089273196e-07,0.0108216505595706,0.602257817963742,0.334293791890016,1.52966980784135e-05,7.25936703887436e-08,0.00526953230472776,0.0118648710969668,0.0270998688746009,0.00837691610653797
1.64313735740986e-06,0.000279104188462675,0.678282262294581,0.317532416506573,3.35750311388823e-06,1.4985105299147e-06,0.000304289749181736,0.000877772910852881,0.00210960743167285,0.000608047767674103
0.0131386453389433,0.239148855406894,0.574866726014006,0.043824564188042,4.43248976479137e-05,1.4334620375027e-05,0.00121042595230784,0.00957298532285238,0.0619231953391439,0.0562559429197872
0.496961119467928,0.495048154628534,0.000863659280998881,3.31428808016081e-06,3.78395241523883e-06,3.70788032217306e-06,3.95224990244382e-06,3.77188332621788e-06,0.000412226051974833,0.00669631031651832
0.586558028845404,0.402978543502102,0.000320104602015449,3.37304320242234e-06,3.55080955338974e-06,3.49876927359942e-06,3.9194313436056e-06,4.34321916241719e-06,0.0002134223183219,0.00991121545962105
5.5212682065649e-06,5.31334433560668e-06,0.000278326054830668,0.00419557989266168,2.37140144120529e-06,0.00124013122920724,0.677704029834817,0.315396360333667,0.0011685214762525,3.84516458069467e-06
2.9792604298094e-06,1.65495002624673e-07,0.316273153142368,0.679794950520156,2.47022260429385e-06,1.9492270517165e-08,0.000873335403256102,0.00119836601409851,0.00164573619217544,0.000208824257638407
7.6568471823529e-06,1.29460001078449e-07,0.203164172909126,0.768351822820405,1.41381815060785e-08,0.00137436743457297,0.00896605889343684,0.00812336267548837,0.00905944833158145,0.000952966490024167
0.457548573050756,0.48033852039771,0.00932029697162914,4.71280742030701e-07,1.48728472562207e-05,1.42408970754482e-05,1.18400303885084e-05,9.30874343523828e-07,0.00352697604518436,0.0492232776049144
0.613033925060822,0.341468030268605,0.00215652988753618,3.91667784425382e-06,9.30378650227953e-06,9.09833957301682e-06,9.29032436336957e-06,6.43734003668939e-06,0.00105311481406278,0.0422503535006545
6.16205978122598e-07,0.0141696365470907,0.74521545557228,0.216411676731575,1.25625634410483e-05,3.62839444983935e-07,0.00137023023298364,0.00449693369146568,0.0131624709620825,0.00516005465365787
1.21229850373874e-07,0.00426513874280654,0.634714592210895,0.338939231315135,1.00174754430195e-05,9.38011252274803e-08,0.00196459996188661,0.00491874665110986,0.0116256594364389,0.00356179917530944
5.49920702623625e-06,0.000125074127590132,0.328465688736212,0.642385543443679,4.00403427904769e-06,0.000404619065826305,0.00704498476749402,0.00844039842894764,0.0114455430918131,0.00167864509713211
2.89817836234535e-05,1.29463362443795e-05,0.00432915140414735,0.0437359984293224,2.66858102054753e-07,0.0129368481525867,0.540376918614218,0.379517619940799,0.0190608002711898,4.68209766413174e-07
0.14848123636951,0.0350828945943636,0.0186107202995143,0.000651056435398756,2.52458155818641e-05,2.22339633824884e-05,6.19819272277338e-06,1.4310468745047e-06,0.0857993217663399,0.711319661516311
6.45071596041758e-06,4.55122899822885e-06,0.000542018866585237,0.00264609191638414,5.18306500602333e-06,1.28312195352296e-07,0.0598715540162726,0.884688813116604,0.0522338014907653,1.40727122846213e-06
2.69735608975671e-05,9.02345801215001e-06,0.00514072615139122,0.0368360880652037,6.6156647748114e-06,0.00519846718845825,0.408785799506277,0.512810577355104,0.031185299737734,4.29312147817139e-07
1.03475436888832e-05,5.83810066632049e-06,0.00134755833991938,0.00723766384637659,7.04932569699282e-06,5.96196774015959e-05,0.221449860268346,0.75012537916406,0.0197556404900485,1.04324379571536e-06
0.0552636978878739,0.0027603552887739,0.0016658784884462,2.98624688413261e-06,5.72839499547829e-06,5.54620553945876e-06,4.99753647752096e-06,5.99493316123449e-07,0.0531355821775203,0.887154628280173
0.453068541529891,0.0610847047088179,0.0114557895573663,1.47571125708947e-06,1.89906442834075e-05,1.77330815973203e-05,1.15520669170635e-05,3.427545748635e-07,0.0119812910774015,0.462359578867894
4.24834916813152e-06,5.09889881649328e-06,5.1984799747459e-06,0.299524051344117,0.679141886680385,0.0212699914475154,3.82131138753018e-05,3.16600385958616e-06,3.15936766016323e-06,4.98631462820571e-06
2.19144372377119e-05,2.43603493623872e-05,1.2562330150414e-05,0.446212221793608,0.447472984431384,0.0958854968380046,0.010153628426928,0.000199790750103334,1.43391435433122e-07,1.68972517863966e-05
7.4696564177081e-06,8.97880132789601e-06,9.21337088236806e-06,0.171301343418356,0.75700836728392,0.071644630762733,1.94054487675899e-07,5.48840208624333e-06,5.49342083582717e-06,8.82082895302135e-06
1.7086281742826e-05,1.02032388651244e-05,1.53428635343021e-08,0.875771543326631,0.0712204400893183,0.0277446610825256,0.0195261039397792,0.00401568947323796,0.00169372588100255,5.31344033976903e-07
8.30799022346845e-06,9.28856952406926e-06,5.56781556086646e-06,0.6650122030742,0.314713088394635,0.016773202250903,0.00341968564963896,5.25419130655874e-05,5.82551207250173e-08,6.0560871276916e-06
0.596251795561678,0.221857174218766,0.00866053905785433,3.81677939409766e-07,1.88078366446156e-05,1.80407427079254e-05,1.49415276678174e-05,6.94288639537379e-07,0.00464636472219515,0.168531260365907
1.20169197707711e-05,9.53967419785269e-06,0.00101427214307495,0.0113698483441597,4.11120758370385e-06,0.0025201537927937,0.579315032094016,0.401004644154069,0.0047454257187602,4.95595157364406e-06
5.40007427823342e-06,5.72302956431864e-06,8.698995034376e-05,0.00379426602631652,2.32205402686263e-07,0.0210884802824138,0.921213471438535,0.05341660022806,0.000384265435521982,4.57132956320226e-06
2.9070666761224e-05,1.73333650544094e-05,0.00269347832146752,0.0478301525927842,2.52212988192579e-07,0.0405799341528933,0.711264839419468,0.188061547926603,0.00952088623704633,2.50510493405534e-06
5.15566552776122e-06,4.26360663860837e-06,0.000386500530485459,0.00211212950631808,4.09984002859613e-06,4.73197040950304e-08,0.135489696791899,0.845646381496828,0.0163496157595353,2.10948303465167e-06
1.144872320806e-05,7.97913604581198e-06,0.00129264963321358,0.00975327039106934,6.05569662117414e-06,0.00069238063320738,0.400315687341075,0.578976842766668,0.00894125867790019,2.42700099187499e-06
0.240406017155543,0.0454161485529445,0.0184877411631516,0.00041770012007735,2.51728694774124e-05,2.24674936391754e-05,8.6954774196357e-06,1.50506408418794e-05,0.0463032979426105,0.648897708584295
0.133058859277648,0.00340100675366497,0.00166792892375788,6.935350514127e-07,5.19676706106366e-06,5.01990962522451e-06,4.56757828949018e-06,2.90684887869274e-06,0.0168797061450447,0.844974114260979
0.487851158432622,0.0159497239747814,0.00282400431286628,4.20184495963154e-07,6.94615887810425e-06,6.67390134271883e-06,5.90173101121489e-06,3.61121985341492e-06,0.00269818640548091,0.490653373678668
0.575453653128364,0.0707714312485884,0.00614502605626408,3.58066919707082e-07,1.41190907550244e-05,1.35280567600448e-05,1.12883130277572e-05,1.36795285885865e-06,0.00443846351772097,0.343150764568741
6.13542390326839e-06,7.3300254802728e-06,6.99290333453553e-06,0.389700658034176,0.588065661368332,0.0217595349512664,0.000442916569580096,6.73860452417486e-07,3.1826484815614e-06,6.91421499330341e-06
3.13407395415485e-06,3.75597660027619e-06,3.97683106970041e-06,0.102330323128651,0.85044405943481,0.0472039262050348,4.80508862744845e-08,4.11692949435639e-06,2.92291750608981e-06,3.73645199390279e-06
4.97490105337503e-06,5.05488311077372e-06,0.000173261997372643,0.00353465454521523,1.65511390562425e-06,0.00190339776749667,0.769093715971132,0.224605603906126,0.000673728326728388,3.95258785930262e-06
5.46134914573931e-06,6.415390598409e-06,5.28163762679034e-06,0.580675978587653,0.406937557571654,0.0111799427130748,0.00118325312894643,1.18102290558659e-07,6.29453186206038e-07,5.3620658248875e-06
6.89013639474569e-06,5.86027139980692e-06,0.000567175870719376,0.00535946986907085,3.66086464724377e-06,0.000541226736326049,0.495122234328502,0.495253632498139,0.00313661811832847,3.23130647251723e-06
6.35193022183566e-06,5.11204956591097e-06,0.000581466802318152,0.00384149373964695,4.43300001417463e-06,1.67516064442058e-05,0.31420825098572,0.675253805253841,0.00608002704393174,2.30758829687202e-06
0.304945000848646,0.0143837258770266,0.00495612304251546,1.27194748153807e-05,1.01265756915741e-05,9.54494086148933e-06,7.11100023179679e-06,6.19325102190049e-07,0.0102776889717068,0.665397339943403
0.221972156946171,0.00458487777693399,0.0019518762476207,1.04827009091376e-06,5.30052110470415e-06,5.08860075065615e-06,4.48240036830226e-06,2.91118984921119e-06,0.00740654792752681,0.764065710119583
0.402265903489144,0.0079497612841495,0.00213412084659078,6.57224598094441e-07,5.48840269411959e-06,5.27519881493479e-06,4.76939935148728e-06,2.4018657009447e-06,0.00299911872214998,0.584632503566806
6.29127558874301e-06,4.83885246624753e-06,7.05845868637394e-10,0.928213241901618,0.0575132973697372,0.00726559416518094,0.00547124112124571,0.00111089884651024,0.000414355401675233,2.40360131512704e-07
1.90976971856393e-05,1.65080619646073e-05,5.48987063853051e-09,0.755082193429632,0.184159436782217,0.0411226168166729,0.0171688424214317,0.0019616163815492,0.000468601755957049,1.08116351939117e-06
0.694156588369414,0.208193063314516,0.00190621681262288,4.80320650375806e-06,1.05428516128484e-05,1.03389792293462e-05,1.06903047830744e-05,7.68771357053681e-06,0.00103105287247331,0.0946690155752751
0.662769441546764,0.0283895400378883,0.000919223931973225,2.99864715681986e-06,5.1959572899563e-06,5.10806213218843e-06,5.43587359130549e-06,4.72147037649456e-06,0.00050412237469304,0.307394212098135
1.18833236792126e-05,1.41506502433308e-05,1.28386064697217e-05,0.280519599578052,0.641389281376668,0.07685480797868,0.00117960965676591,3.98553196104767e-07,4.34135125282264e-06,1.30889249931565e-05
4.36911118659414e-06,1.88915417155607e-06,0.0587860335328842,0.932364219964835,7.04799943562228e-10,0.00134882295671119,0.00373056456565008,0.00207774761586963,0.00162766282359433,5.86895702977887e-05
1.12460363594975e-05,1.90647262647182e-07,0.102409280553583,0.858930259426518,3.57017820578473e-09,0.00561199392137724,0.0154539738709089,0.00933546634263649,0.00780885436943947,0.00043873126173632
7.79821231925138e-06,3.2804915481829e-06,0.0116672742681744,0.956353539600071,0.0115631980803346,0.00657081603989493,0.00874156305411603,0.00317633169505745,0.0018980006344226,1.81979240615193e-05
0.579910825474198,0.0160874651867161,0.00130501542603118,2.27710151598399e-06,5.05914239860484e-06,4.94607703646987e-06,5.06113189996946e-06,4.19165445735629e-06,0.000834164935186395,0.40184099387056
5.00174622983253e-06,5.03173012267903e-06,4.00185017657463e-09,0.853807482965099,0.136708516337898,0.006209123117014,0.00297263278838468,0.000283621108263549,7.29975537076815e-06,1.28644976754102e-06
4.68778914669734e-06,4.95118099953173e-06,9.56191893493893e-05,0.00325116608968846,6.85055976908972e-07,0.00603244121679373,0.855113069040134,0.135117226088112,0.000376172204248283,3.98214555150811e-06
1.8429950698355e-05,1.35963176983436e-05,0.00139898863212286,0.0223871364827375,2.0675655853156e-07,0.0138479194843249,0.694775249315901,0.261973791883533,0.00557922849650151,5.45267992369396e-06
4.92359845056225e-06,5.37984867206068e-06,2.78550089153623e-06,0.765102453065241,0.225735709520222,0.00685169618783616,0.00220347427270708,9.05358781273861e-05,6.60058763532301e-08,2.97612197607364e-06
1.6739773578357e-05,1.38333381798526e-05,0.000797784482975351,0.0203817448156964,1.57917023400324e-07,0.0322850223545351,0.820112567098674,0.123325546398197,0.00305984461782778,6.75920331335091e-06
6.28164068978152e-06,0.00153807175944221,0.0328028485654183,0.0574557935515785,2.50303540280509e-05,0.00018360411938836,0.0376539675970441,0.432945696887628,0.429598441037407,0.00779026448737599
0.00178783336205451,0.00827917140469389,0.0187248429802917,0.00608650157492817,1.91487463752827e-05,1.17524908870154e-05,0.000126344902204153,0.00605178385084497,0.611809712365458,0.347102908322262
9.38476911237283e-08,0.000874183798889544,0.00432149006620991,0.00243089846711779,6.68502253368492e-06,4.48474281788306e-06,6.2907308227953e-05,0.0232966201491434,0.917647439809278,0.0513551967880911
2.13884547936869e-05,8.40517330507997e-05,0.0150687189938846,0.0425481409461488,1.78951574207112e-05,0.000437764151822611,0.0742940468106972,0.616678424747185,0.250110418320435,0.000739150684561416
0.00612627458072968,0.0134328322665307,0.0213415183828313,0.00468789425029102,2.12848805081277e-05,1.45334271018355e-05,8.86335739810652e-06,0.00252134330175444,0.500575683145143,0.451269772407711
0.0327399120358366,0.0222420538655103,0.0212513994496288,0.00227924182662466,2.39039133593586e-05,1.89745049343032e-05,4.45453913877128e-07,0.000509051452359029,0.2616629174919,0.659272100005933
0.168200580256541,0.638648452417995,0.109301705458562,0.000162437923728866,3.02695545785648e-05,2.60331766324459e-05,6.5060411856503e-06,0.000202261863459234,0.0169014180663492,0.0665203352409679
0.0082594552983173,0.394049132101539,0.553400764434734,0.00430271347519341,2.13512606464662e-05,1.4331843907478e-05,9.00732843830801e-06,0.00161106282700743,0.0168842120505572,0.0214479693796592
2.38670187981093e-05,0.225792660430028,0.769855746483384,0.000608295963521698,4.02937098067449e-06,3.30836548562429e-06,7.79979631043592e-06,0.000294285283692982,0.00193076203847207,0.00147924524932659
0.00249021368227247,0.350952224849365,0.624951941930451,0.00237108995054703,1.26602579238829e-05,9.07966750473402e-06,7.58321262257409e-06,0.000927229698483425,0.00864907580629998,0.00962890094452944
0.000617317808045185,0.183073732326998,0.78768858290509,0.0107360652598321,1.20536606441142e-05,7.36812679044084e-06,0.000132035275082243,0.0015802989005102,0.00919600235969274,0.00695654337731499
0.00451004312948757,0.257360980898026,0.665517107254429,0.0188773156929569,2.61811634300899e-05,1.31261402952295e-05,0.000320828533406744,0.00386642366899561,0.0260541633338524,0.0234538301851196
6.25784315507571e-06,2.70424322104145e-06,0.000897468093243215,0.00341748163659727,5.11700163166321e-06,7.85918245929225e-08,0.0204497794431095,0.841863493730137,0.133357318460783,3.0095629765727e-07
0.0175140679673726,0.0029143873166981,0.00201458879836012,3.95635500710873e-05,5.4629261873264e-06,5.2065893561758e-06,4.06298674043529e-06,1.83541244678333e-07,0.133748214585937,0.843754261738032
1.8214611257948e-05,1.07856160866629e-05,0.00233117981211783,0.0202430443958537,5.65275052270585e-06,0.0032647345795767,0.481566852901718,0.479727576137143,0.0128296221958294,2.33699989439923e-06
2.41192641917756e-05,5.29656877471147e-06,0.00521765332159437,0.0288894111325978,1.04664716593979e-05,0.00182370726522917,0.27849842807162,0.637558722000759,0.0479718753870583,3.20516515460687e-07
0.344001739271217,0.0545883064546325,0.0155531210898638,0.000138042268733734,2.26874638853069e-05,2.07111941527914e-05,1.07511001184956e-05,4.98069298575324e-07,0.0240205812355212,0.561643561852577
1.13888281226511e-05,1.36324697008459e-05,1.27664643592305e-05,0.147640370823543,0.68646335724405,0.165152316586901,0.000687873376504131,6.62165495320647e-07,4.75492669831297e-06,1.28771146257601e-05
3.56287490628322e-07,0.00156186997997984,0.0138115451004942,0.0130865699072397,1.55606468444599e-05,4.20467534393422e-06,0.002668650931348,0.219900342887742,0.734158658391221,0.0147922411922962
3.57591888065298e-06,0.000632086264762346,0.0114405904552828,0.0161090264496473,1.46047992254494e-05,1.52369423852179e-07,0.00667564162898591,0.392652572506722,0.5687616865647,0.00371006304236996
9.89635335722079e-06,7.86695815176091e-05,0.00844113921376584,0.0180730696556356,1.29790357254633e-05,1.81321641910126e-07,0.015899339107928,0.563331419559275,0.393685917997764,0.000467388173389968
9.51124169157583e-05,0.00184234645635658,0.00510868283876314,0.00187143074457676,6.74689222925755e-06,4.80520294988467e-06,8.20422819834587e-06,0.0022161321487342,0.675458708676413,0.313387830394864
0.00228176216590006,0.00378286004188288,0.00476237229413687,0.000654366863768668,6.91789921309069e-06,5.89395169888694e-06,1.0069455992607e-06,1.93632198340236e-05,0.40507575410988,0.583409702508087
0.000436179106495243,0.00238708126413351,0.00496342097000493,0.00136460918954194,6.93717723780421e-06,5.46447096183194e-06,4.78881052669402e-07,0.000795108976599575,0.586317233145705,0.403723486818267
6.23572860452643e-06,1.13711958122296e-06,0.00122194940342401,0.00414962944592625,5.16009020926659e-06,9.04593125643872e-08,0.0118693204252103,0.758978996819984,0.223767372054865,1.08452883217724e-07
2.66686950409169e-06,0.000404015282179751,0.00562275553243216,0.006479855422763,8.4374424107431e-06,2.76793686088523e-06,0.00169455243530926,0.31242702824564,0.670057167608316,0.00330075322458429
4.35057116703392e-07,0.000740898855826121,0.00590842526084977,0.0049122093049721,8.09461877245476e-06,3.9792846208327e-06,0.000664082674595151,0.13570811933053,0.83938133717464,0.0126724184380772
4.67444161367223e-06,0.000110419695993177,0.00487677049751294,0.00857186766279077,7.97765562717179e-06,1.65122943431054e-07,0.00501542356776521,0.489604098341883,0.491217674795435,0.000590928218435964
0.00348294278333835,0.00333025598922576,0.00347328768867548,0.000331149111341256,5.98195231403798e-06,5.34919529482878e-06,2.25100034961887e-06,1.62631913886394e-07,0.31476734250872,0.674601277138827
0.000298629662726022,0.00501712466185428,0.0154614948636255,0.00647905244708595,1.70356236827855e-05,9.73170136100273e-06,0.000181741669312863,0.0109758871114008,0.722573831722705,0.238985470536246
0.238996261180523,0.660712277235465,0.0448434362371769,2.16496180849082e-07,2.13602828646782e-05,1.94853377171855e-05,1.04778696219061e-05,1.49456627202155e-05,0.00850732262752359,0.0468742170702065
2.30659854354992e-05,1.27803133591352e-06,0.00899121031096326,0.0323295242523435,1.48317599856877e-05,0.000547835348705743,0.105233823803435,0.693178686465957,0.159592562694405,8.71813474326724e-05
5.31291385230793e-06,8.32465465846671e-07,0.00195699429066373,0.00477825299557213,5.29822277092641e-06,1.6446992961672e-07,0.00525930429781792,0.674014131112667,0.313979532697254,1.76534006969638e-07
1.46770150139728e-05,1.20082819274494e-06,0.00421966697147482,0.0147441667496125,1.10749627049969e-05,2.17654444461135e-05,0.0471356891291641,0.757182785170416,0.176668410169215,5.63559759365705e-07
8.67368234648248e-06,8.40322094307095e-06,0.000113886699974027,0.00995757536928688,8.37741662310529e-08,0.133061224525068,0.840934935078925,0.0151845665965334,0.000724641702974604,6.0093497820853e-06
2.70065814199921e-05,2.19821899817659e-05,0.000359923768695744,0.0560855556280081,0.00344454055971953,0.277727256965455,0.638860991258818,0.0207946534535677,0.00266799795058435,1.00916437496962e-05
2.66295315892059e-05,2.75637959584791e-05,7.87182194404634e-07,0.0578547116097213,0.0420929928480553,0.590583385894476,0.307500139409624,0.00169995685667607,0.000194138919275084,1.9693952430373e-05
1.21383303398809e-05,1.22817942580228e-05,2.39023146503137e-07,0.0197958862850594,0.0025777257370773,0.397348226970869,0.577213034465947,0.00267043832106744,0.000361007342784228,9.02172945102174e-06
1.00621601886309e-05,1.16392277820921e-05,7.35344048508973e-06,0.0116311358529445,0.0276738299993137,0.744775160976388,0.215879919195929,1.69947429299551e-07,2.33068686415442e-07,1.04961308533608e-05
3.01757917462704e-05,3.25563406557148e-05,9.67371295223057e-06,0.0983190462587993,0.271699407173291,0.562122208784038,0.0673052846942004,0.000457812418163613,2.72946647127429e-07,2.35618795062968e-05
2.86037227592936e-05,3.13450333277101e-05,1.14131993492415e-05,0.181404571665768,0.432585827905928,0.360258983518676,0.0254481219411701,0.000209031171351884,1.28775460423767e-07,2.1973066209394e-05
8.09062892522072e-06,9.52904402480101e-06,7.70933624125284e-06,0.00715982623816921,0.125051560332446,0.813629549505622,0.0541239667734964,2.3019292721464e-07,6.07006567517068e-07,8.93094158088814e-06
0.421863397796173,0.217681678588991,0.0328080467330375,7.56640194891645e-05,3.44629646313561e-05,3.10565820007476e-05,1.29608662089427e-05,7.06182659265505e-07,0.0223994715173056,0.305092554749504
0.174517645992306,0.0177803720234751,0.00845081192416049,0.000145187911570896,1.49549562439963e-05,1.37717774154717e-05,7.61154082732315e-06,1.9956512973785e-07,0.0370675762568533,0.762001868052018
4.39275857905247e-05,1.10463849437764e-05,0.0105825519866902,0.704219153070034,0.0592587979541922,0.093957459841951,0.0960472688531477,0.0243854572816877,0.0114506518981889,4.36851433738329e-05
8.40729800491103e-06,9.96624281926707e-06,8.59894024851458e-06,0.0613454011238401,0.646546316265706,0.29081453244763,0.00125449849818312,4.08754632218265e-07,2.74014469734364e-06,9.13028423832896e-06
0.198896597190222,0.411780269372318,0.139024036944786,0.00309562595551063,5.23921714584091e-05,4.01238563763016e-05,5.86853504577585e-07,0.00128710270037513,0.0527653430315167,0.193057921923932
0.000110425968001138,0.0060127293976389,0.027066699443622,0.0165125411116861,2.5536780282592e-05,7.53722881208086e-06,0.00174906989134364,0.0716701107333771,0.777489966514701,0.0993553829305356
3.05491660961682e-05,9.29052061719677e-07,0.0117955855559972,0.0514814054783067,1.19442084229079e-05,0.0027631693409027,0.20578184045616,0.618333114786908,0.109695648721984,0.000105813233160722
7.92281108173408e-06,7.83592238641746e-06,4.63487776588762e-05,0.00998286092370453,6.08364780184134e-05,0.222381828301138,0.761092601841643,0.00588984989996623,0.000524063056477565,5.85198792497847e-06
1.21750724379851e-05,1.31250316498955e-05,3.054629776843e-06,0.0202277119800984,0.00909131022678796,0.573758636861183,0.39626019470705,0.000567615596854686,5.5684772497027e-05,1.04911216633822e-05
8.6446300768886e-06,9.21861469566466e-06,3.20963156343545e-07,0.0133294572185657,0.0029845699127092,0.491115684938873,0.491677242655989,0.000765942450228894,0.000101541232285328,7.3773834199059e-06
5.67743656559927e-06,6.74494951437253e-06,5.86275864395808e-06,0.00386089220542441,0.0329247084500093,0.832605677485952,0.130583050524479,1.64098159567838e-07,7.63298198204293e-07,6.45879305311034e-06
1.21126974903551e-05,1.38115723990501e-05,8.60558217888219e-06,0.0246757142242881,0.297713540274684,0.6555835081557,0.0219789278431718,1.74348182262135e-06,2.75608071680301e-07,1.17605601933388e-05
1.29316498070086e-05,1.47257487311264e-05,9.15644961265133e-06,0.049261377891347,0.468222352466272,0.472977663432559,0.00948868163398855,7.71221494328153e-07,3.23458119069676e-07,1.20160480686218e-05
7.24205754899882e-06,8.46660068132954e-06,6.66402507794576e-06,0.00869752748958748,0.217037955507251,0.753724376144722,0.0205087401395123,2.57738481585114e-07,9.98913490043361e-07,7.77138364709962e-06
0.357250367926754,0.136780429684913,0.0322598796381111,0.00033836581166192,3.49552769171169e-05,3.10116940042495e-05,1.09167525584009e-05,2.81314718049386e-05,0.0335521376163617,0.439713804126913
0.114228939888271,0.0854257215456556,0.0625950870723219,0.00552997827710434,4.85700394559249e-05,3.53012604731076e-05,5.31378624157525e-07,0.00193278820807866,0.179432578785001,0.550770503545015
4.49593172910927e-05,3.55849228014205e-05,1.63229960198356e-08,0.549253113837105,0.201646136969963,0.171390383372895,0.0690581393732049,0.0067605357789781,0.00180629683369163,4.8332710738056e-06
3.57550871925608e-05,2.11762762486788e-05,2.84313143796403e-08,0.721688335755876,0.121065199052578,0.0894833736236201,0.0549251106681224,0.00929863892642234,0.00348194846121325,4.33717412911201e-07
3.13756678463832e-05,2.59365568017549e-07,0.0396737154693764,0.77655814910463,0.014625385220558,0.0474917343548067,0.0736016256784623,0.0293336986826322,0.0181567906374103,0.000527265818709903
7.3090436762087e-06,8.55255498894592e-06,6.80225000666254e-06,0.0312152136027947,0.572433963391876,0.393768731772435,0.00254974187464858,2.84428310215391e-07,1.81960401352588e-06,7.58147724986863e-06
3.4834444757364e-05,1.00542328379307e-06,0.0115272935519684,0.0635008404598981,6.27018072887576e-06,0.00718423172425327,0.318521521887366,0.527153638713006,0.0719854144716991,8.49491430382932e-05
8.02159465801459e-06,8.10180690103841e-06,1.48527626891383e-06,0.0113381518449102,0.000509741940989053,0.312136280437678,0.67291431451123,0.00272328509721232,0.000354488082693806,6.12940745935614e-06
8.06991047968537e-06,9.15789277375535e-06,4.72402956035654e-06,0.0105064865536952,0.00974724331687568,0.669381303486845,0.310295895670617,3.88558100051742e-05,2.38657623319261e-07,8.02467152458365e-06
8.23448339647401e-06,9.50773863489631e-06,6.9217334709616e-06,0.0199513728690694,0.394968087142391,0.577289161595598,0.0077574059387196,2.24988649595234e-07,8.22355542864643e-07,8.26115452626352e-06
2.67779127460338e-05,2.92963304929289e-05,9.52909145664714e-06,0.063638937035287,0.180814817504741,0.654599509441088,0.100526002601297,0.000332208294453363,2.87023464058377e-07,2.26347649740564e-05
