          1           0           0           0           0           0           0           0
          0           1           0           0           0           0           0           0
          0           0           1           0           0           0           0           0
          0           0           0           1           0           0           0           0
          0           0           0           0           1           0           0           0
          0           0           0           0           0           1           0           0
          0           0           0           0           0           0           1           0
          0           0           0           0           0           0           0           1
   0.947528   0.0119324   0.0128644  0.00275986   0.0171183  0.00377188  0.00394899  7.5916e-05
   0.891933   0.0231499   0.0258552  0.00565433   0.0361428  0.00811696  0.00862386 0.000524254
   0.819197   0.0379101   0.0396968  0.00894511   0.0636947   0.0145047   0.0147761  0.00127542
   0.753883   0.0474894   0.0507662   0.0113451   0.0919838   0.0207648   0.0213271  0.00244033
   0.687168   0.0569762    0.059458   0.0133509    0.123764   0.0275927   0.0279652  0.00372519
   0.622378   0.0636162   0.0656636   0.0149188    0.158242   0.0347942   0.0349158  0.00547172
   0.561833   0.0683184   0.0696912   0.0158185    0.194086   0.0415974   0.0415271  0.00712849
   0.505478   0.0694052   0.0720678   0.0160672    0.231891   0.0478294   0.0483117  0.00894981
   0.452446   0.0696472   0.0712631   0.0156874    0.272122   0.0542705   0.0538974   0.0106665
   0.401982   0.0672929   0.0695605   0.0149017    0.315618   0.0590621   0.0593502    0.012233
   0.354449    0.064305   0.0659653   0.0136979    0.361377   0.0633341   0.0633937   0.0134784
   0.309912   0.0596176   0.0615292   0.0123336    0.408614    0.066271   0.0670154   0.0147073
   0.267308   0.0546853   0.0556271    0.010729     0.45901   0.0687672   0.0683682   0.0155057
   0.227461   0.0485435    0.049457  0.00906811    0.513018   0.0685413   0.0681303    0.015781
   0.189405   0.0417906   0.0427084  0.00721829    0.570685   0.0666729   0.0660526   0.0154679
   0.154115   0.0351049   0.0357007  0.00556646     0.62941   0.0630477     0.06222   0.0148352
   0.120706   0.0277732   0.0289099  0.00399328    0.693623   0.0552995   0.0564108   0.0132847
  0.0890102   0.0208142   0.0214482  0.00246042    0.761729   0.0466796   0.0468456   0.0110125
  0.0591273   0.0138954   0.0142089  0.00120625    0.833742   0.0349375   0.0347877  0.00809528
   0.035578  0.00820207   0.0088026 0.000518966    0.894275   0.0227601   0.0243492  0.00551387
  0.0165051  0.00376538  0.00397907 8.94423e-05    0.949457   0.0115508    0.011978  0.00267476
   0.942214   0.0136605   0.0183966  0.00418415   0.0138758  0.00325838  0.00425632 0.000154538
   0.874645   0.0284212   0.0418766   0.0097219   0.0282277  0.00679705  0.00961647 0.000693996
   0.802938   0.0420734   0.0692539   0.0157834   0.0425979   0.0101062   0.0158181  0.00142903
    0.74171   0.0513743   0.0967668   0.0218818   0.0517592   0.0121955   0.0218065  0.00250597
   0.677868   0.0598374    0.127861   0.0284552   0.0598611   0.0140852   0.0282337  0.00379876
   0.615542   0.0653949    0.160976   0.0348595   0.0669826   0.0156187    0.035241  0.00538616
   0.558124   0.0687831    0.196636   0.0415109   0.0699574   0.0162061   0.0417035   0.0070793
   0.502499   0.0701339    0.235291   0.0475537   0.0714759   0.0163134   0.0480086  0.00872483
   0.451324   0.0692565    0.275529   0.0529255   0.0711038   0.0157388   0.0538993   0.0102226
   0.400996   0.0674944    0.319471   0.0583046   0.0684954   0.0149408   0.0585229   0.0117752
   0.353252   0.0644844    0.365594   0.0627043    0.064769   0.0137164   0.0624553    0.013024
   0.308511   0.0597394     0.41291   0.0659581    0.060249   0.0123503   0.0659616   0.0143206
   0.266292   0.0542379    0.464612   0.0671994   0.0547676   0.0107511   0.0672195    0.014921
   0.226247   0.0479911    0.519819   0.0667521   0.0484452   0.0088533   0.0669557   0.0149366
   0.189112   0.0408383    0.577281   0.0635845   0.0421172  0.00700546   0.0655288   0.0145331
    0.15345   0.0348119    0.635779   0.0612978   0.0347877   0.0054161   0.0605224   0.0139353
   0.119522   0.0277525    0.700309   0.0544962   0.0276946  0.00379921   0.0540224   0.0124042
  0.0882996   0.0206597    0.767172   0.0450556   0.0207961  0.00239427   0.0453095   0.0103136
  0.0604223   0.0141082    0.833047   0.0347899   0.0141757  0.00117828   0.0345356  0.00774284
  0.0371037  0.00847364    0.892632   0.0235525  0.00868872 0.000363041    0.024022  0.00516441
  0.0160703  0.00390466    0.948777    0.012577  0.00378721 8.72441e-05   0.0119975  0.00279937
   0.958908   0.0145905  0.00923028  0.00311371   0.0091947  0.00313667  0.00182664           0
   0.903286   0.0332798   0.0222487  0.00778216   0.0205775  0.00751795  0.00481395 0.000493662
   0.838116   0.0582537   0.0345312   0.0134671   0.0333226    0.013402  0.00766531  0.00124243
   0.759145   0.0903205   0.0481693   0.0207716   0.0471621   0.0208552   0.0110379  0.00253774
   0.691662    0.122019   0.0574633   0.0274724   0.0567082   0.0277248   0.0131337  0.00381677
   0.625194     0.15708   0.0643921   0.0344614   0.0637951   0.0348586   0.0147667  0.00545249
   0.564803    0.193269   0.0687054   0.0410414   0.0681224   0.0415024   0.0155501  0.00700672
   0.506361    0.230564   0.0714811   0.0479517   0.0704712    0.048184   0.0160618  0.00892578
   0.452064    0.272262   0.0712977   0.0534627   0.0707458   0.0539585   0.0157589   0.0104503
   0.403393    0.314891   0.0688251   0.0586543   0.0684894   0.0589991   0.0147789   0.0119692
   0.357001    0.360004    0.065765   0.0634835   0.0641604   0.0626554    0.013555   0.0133759
   0.311436    0.407923   0.0613507   0.0663924   0.0598999   0.0660637   0.0123307   0.0146032
   0.268683    0.459173   0.0557226   0.0677905   0.0547159   0.0679334   0.0107132   0.0152689
   0.228671     0.51172   0.0497665   0.0684413    0.048635   0.0679548  0.00908628   0.0157255
   0.190741     0.56843    0.043311   0.0673195   0.0417425   0.0657022  0.00725671   0.0154977
   0.155286    0.625475   0.0362958   0.0640814   0.0351055   0.0631591  0.00553694     0.01506
   0.123102    0.684311   0.0293645    0.058916   0.0284106   0.0579829   0.0039492   0.0139639
  0.0910476    0.751913   0.0222262   0.0491492   0.0217202   0.0492436  0.00274163   0.0119581
  0.0581188     0.83353   0.0142888   0.0347552   0.0141741   0.0351612  0.00149223  0.00847988
  0.0335749    0.899234  0.00829474   0.0224766  0.00809782   0.0222948 0.000623548  0.00540351
  0.0145753    0.955833  0.00359168  0.00991284  0.00352447  0.00992198 0.000247015  0.00239394
  0.0119125  0.00273068  0.00397179 9.41097e-05    0.949128    0.011638   0.0167571  0.00376751
  0.0242505  0.00564242  0.00877377 0.000528903     0.89359    0.022949   0.0360669  0.00819873
  0.0346527  0.00828019   0.0142033  0.00122289    0.831925     0.03529   0.0604494   0.0139765
  0.0457271   0.0112007   0.0211223  0.00245386    0.760904   0.0474641   0.0902679   0.0208605
  0.0547367   0.0130971   0.0283844   0.0038198    0.695995    0.055006    0.121681   0.0272802
  0.0613876   0.0147397    0.035425  0.00541559    0.631091    0.061935    0.155748   0.0342583
  0.0654381    0.015532   0.0420499  0.00694863    0.572181    0.066212    0.190828   0.0408109
  0.0676377   0.0157394   0.0491488  0.00881191    0.515712   0.0670106    0.228964    0.046976
  0.0670503   0.0154095   0.0551061   0.0106118    0.462168   0.0672487    0.268896    0.053509
  0.0657476   0.0149593   0.0609594   0.0124286    0.409183   0.0662777    0.311243   0.0592015
  0.0625952   0.0138375   0.0652365   0.0137083     0.36061   0.0632692    0.357465   0.0632782
  0.0587413     0.01244   0.0690512   0.0147854    0.315442   0.0582998    0.405784   0.0654562
  0.0533671   0.0108278   0.0704349   0.0154775    0.272081   0.0532775    0.457083   0.0674507
  0.0472643  0.00903989   0.0708429   0.0159428    0.231699   0.0476712    0.508906   0.0686338
  0.0405655  0.00717202   0.0683387   0.0155977     0.19414   0.0414072    0.565707   0.0670723
   0.033941  0.00548614   0.0646592   0.0150031    0.158475   0.0348424    0.623877   0.0637163
  0.0274402   0.0039444   0.0587757   0.0137362    0.125371   0.0281321    0.684724   0.0578768
  0.0203951  0.00263776   0.0474738   0.0110993   0.0909726    0.020905    0.759848    0.046669
  0.0138429  0.00142188   0.0363787  0.00846894   0.0607767   0.0140576    0.829788   0.0352649
  0.0078851 0.000479201   0.0232885  0.00540845   0.0356796  0.00826274    0.895338   0.0236582
 0.00399587 8.43884e-05   0.0131663  0.00288054   0.0180578  0.00404362    0.945217   0.0125548
  0.0122654  0.00409533  0.00292124 0.000110814    0.946144   0.0179234   0.0124636  0.00407612
  0.0211921  0.00772022  0.00514227 0.000457198    0.903157   0.0332361   0.0214358  0.00765954
  0.0340418   0.0139138  0.00833077  0.00128719    0.834248   0.0597509    0.034608   0.0138194
  0.0456973   0.0207103   0.0114534  0.00249365    0.762117   0.0895759   0.0472135   0.0207388
  0.0552315   0.0278514    0.013472  0.00380718    0.696483    0.120995   0.0550509   0.0271093
   0.061968   0.0348988   0.0151237  0.00541449    0.631228    0.155387   0.0619043   0.0340754
  0.0657257   0.0415617   0.0159638  0.00712591    0.570742    0.191611   0.0662692   0.0410012
   0.067415   0.0479325   0.0163278  0.00895175     0.51343     0.22961   0.0686347   0.0476984
  0.0674563   0.0543624   0.0159338   0.0107113    0.460717    0.269435   0.0679553   0.0534284
  0.0657951   0.0595995   0.0153678   0.0124516     0.40907    0.312501   0.0663845   0.0588307
  0.0628472   0.0639353   0.0143379   0.0138749    0.360163    0.357766   0.0636547    0.063421
  0.0587285   0.0675643   0.0129747   0.0151568    0.314436    0.404509   0.0595451   0.0670858
  0.0535736   0.0694428   0.0113021   0.0159295    0.271591    0.454943   0.0542208   0.0689976
  0.0475075   0.0692848   0.0096172   0.0163645    0.231337    0.507581   0.0485695   0.0697388
   0.041227   0.0684378  0.00776017   0.0162993    0.193144    0.562763   0.0420924   0.0682756
  0.0344648    0.063054  0.00579935   0.0147406    0.156346     0.62915   0.0345303   0.0619141
   0.027707   0.0572421   0.0041623   0.0135626    0.123757    0.689334   0.0278443   0.0563902
  0.0209189   0.0481811  0.00271727   0.0114225   0.0922518    0.755928    0.021057   0.0475231
  0.0140872   0.0355746  0.00152272  0.00837765   0.0615776    0.829978   0.0140956    0.034787
 0.00746062   0.0210168 0.000584245  0.00493122   0.0325941    0.905331  0.00749651    0.020585
 0.00359036   0.0104311 0.000262357  0.00240349   0.0153946     0.95467  0.00350086  0.00974768
  0.0112724  0.00261442    0.952125   0.0110619   0.0036817 9.75781e-05   0.0156356  0.00351112
   0.021681  0.00507199    0.905001   0.0206131  0.00777394 0.000502802   0.0320796   0.0072762
  0.0387988   0.0094955      0.8208   0.0379045   0.0151644  0.00148779   0.0619909   0.0143582
   0.049203   0.0120541    0.753672    0.049059   0.0216784  0.00257574   0.0909677   0.0207903
  0.0562279   0.0136477    0.691294     0.05678   0.0281818  0.00386857    0.122658   0.0273423
  0.0614365   0.0148651    0.632246   0.0623685   0.0348764  0.00543622    0.154857   0.0339142
  0.0650255   0.0154124    0.575508   0.0647106   0.0419574  0.00722358    0.189861   0.0403017
  0.0669968   0.0158303    0.516879   0.0670726   0.0484528  0.00901334    0.228953   0.0468027
  0.0667167   0.0152507    0.463935   0.0663838   0.0541932   0.0104358    0.270921   0.0521639
  0.0646927   0.0145855    0.412979   0.0650987   0.0593222   0.0121294    0.313375   0.0578172
  0.0615392   0.0135656    0.364094   0.0627927   0.0635578   0.0135027     0.35847   0.0624779
  0.0573633   0.0122181    0.318651   0.0583483   0.0669357   0.0146947    0.406223   0.0655656
  0.0523281   0.0106173    0.274967   0.0529099   0.0688085   0.0153657     0.45818   0.0668233
  0.0466273  0.00877018    0.233311   0.0467099   0.0692481   0.0155346    0.513216   0.0665825
  0.0402336  0.00704395    0.194828   0.0404979   0.0671753    0.015336    0.569827   0.0650586
    0.03361  0.00526455    0.159354    0.033923   0.0637116   0.0146737    0.627526   0.0619367
  0.0272163  0.00383906    0.125523   0.0274669   0.0583423   0.0136911    0.687331   0.0565911
  0.0208047  0.00255042   0.0939232   0.0209531   0.0497715   0.0117547    0.751959   0.0482838
  0.0135489  0.00144733   0.0599598   0.0137671   0.0351951  0.00841213    0.832987   0.0346829
 0.00706537  0.00057023   0.0316491  0.00729839   0.0199235  0.00473865    0.908832   0.0199232
 0.00320276 9.08463e-05   0.0150058   0.0033089  0.00974883  0.00215612    0.956757  0.00972937
   0.014211  0.00444085    0.939871   0.0186172  0.00354619 0.000165959   0.0147345  0.00441382
  0.0240653  0.00838326    0.894288   0.0355772  0.00562599 0.000423335   0.0235941   0.0080428
  0.0343096   0.0138876    0.835778   0.0588501  0.00821866  0.00128968   0.0341936   0.0134727
  0.0479216   0.0212126    0.757275    0.090233    0.011872   0.0026034   0.0481527   0.0207296
  0.0563202   0.0279405     0.69295    0.120982    0.013913  0.00399535   0.0565412    0.027358
  0.0612052   0.0344673    0.633353    0.154655   0.0148731  0.00545428   0.0619785   0.0340143
  0.0639151   0.0412431    0.576015    0.189686   0.0154887  0.00731892   0.0653749   0.0409581
  0.0653788   0.0478459    0.519051    0.227367   0.0157554  0.00918655   0.0676839   0.0477318
  0.0678021   0.0550696    0.460282    0.267595   0.0161216   0.0112128   0.0681926   0.0537248
  0.0659458    0.059894    0.409101    0.311092   0.0153596   0.0126919   0.0668392   0.0590759
  0.0632086   0.0649799    0.361969     0.35603   0.0141371   0.0141148   0.0627696    0.062791
  0.0581142   0.0671545    0.316582    0.404792   0.0126629    0.015153   0.0589697   0.0665722
  0.0526581   0.0684655    0.273179    0.456441   0.0109372   0.0157722   0.0538867   0.0686607
   0.046153   0.0672895    0.233572    0.512148  0.00898178   0.0157215   0.0477197   0.0684152
  0.0401221   0.0656638    0.194674    0.569714  0.00735987   0.0155054   0.0412125   0.0657487
  0.0337349   0.0621399    0.157224    0.631392   0.0055909   0.0146463   0.0341086   0.0611633
   0.026913   0.0547026     0.12284    0.697113  0.00409654   0.0130193   0.0272732   0.0540425
  0.0195764   0.0438576   0.0882526    0.772054  0.00254746   0.0103298   0.0198787   0.0435031
  0.0128838    0.032626   0.0581586    0.841273  0.00130239  0.00773591   0.0131996   0.0328209
 0.00745277   0.0210181   0.0336288    0.903113 0.000568603   0.0050759  0.00771217   0.0214304
 0.00354752   0.0103513   0.0156894     0.95403 0.000253995  0.00246364  0.00356889   0.0100955
  0.0104236    0.953947  0.00253741   0.0100423  0.00371112   0.0155432 0.000236815  0.00355895
  0.0212399    0.902894  0.00526329   0.0213727  0.00779673   0.0332048 0.000542337  0.00768603
  0.0336228    0.839591  0.00833313   0.0332946   0.0135423   0.0570837  0.00132545   0.0132072
  0.0456644    0.766489   0.0113297   0.0452052   0.0206777   0.0879056  0.00256617    0.020162
  0.0553362    0.697014   0.0136973   0.0542068   0.0280978    0.120458  0.00407797   0.0271121
   0.062224    0.631235   0.0152361   0.0608361   0.0352497    0.155524   0.0056499   0.0340454
  0.0654063    0.572453   0.0158811    0.065101   0.0417458    0.191142  0.00730098   0.0409701
  0.0672313     0.51448    0.016174    0.067005   0.0484106    0.230221    0.009109   0.0473691
  0.0675386     0.45997   0.0158907   0.0670607    0.054485    0.270987   0.0107634   0.0533049
  0.0654304    0.408459   0.0152682   0.0659534   0.0597392    0.313629    0.012518   0.0590025
  0.0630441    0.358448    0.014341   0.0631801   0.0641996    0.359829   0.0138666   0.0630915
  0.0578822      0.3133   0.0127819   0.0595822   0.0662489    0.408342   0.0148203   0.0670427
   0.053371    0.270842   0.0111605   0.0535477   0.0690671    0.458893   0.0155485   0.0675708
  0.0475657     0.23049  0.00936482   0.0475851   0.0694575    0.511618   0.0158962   0.0680229
  0.0411861    0.192325  0.00763087   0.0415052   0.0679348    0.566447   0.0158905   0.0670807
  0.0348122     0.15678  0.00579489   0.0346521   0.0653595    0.623695   0.0152853   0.0636214
  0.0278884    0.122247  0.00419734   0.0278616   0.0580223    0.689149   0.0136662   0.0569678
  0.0204952   0.0882087  0.00283875   0.0207366   0.0469487    0.762693   0.0113052   0.0467738
  0.0136813   0.0587964  0.00152515   0.0139078   0.0354578    0.832858  0.00853429   0.0352389
 0.00804877   0.0343159 0.000692723  0.00808526   0.0231495    0.897652  0.00553066   0.0225251
 0.00356336   0.0150758  0.00028752  0.00354402   0.0104954    0.954477  0.00249831   0.0100584
  0.0108623    0.951212  0.00389914    0.016246  0.00267421   0.0110487 0.000243832  0.00381365
  0.0211276    0.903543  0.00780967   0.0327455  0.00516126   0.0214602 0.000517989  0.00763467
  0.0324428    0.842712   0.0134254   0.0564819  0.00787677   0.0327091  0.00126084   0.0130911
  0.0451989    0.767011   0.0207822   0.0877448   0.0110739   0.0454976  0.00249155   0.0202004
  0.0544301    0.698502   0.0280786    0.119857   0.0133694   0.0545702  0.00398612   0.0272059
  0.0616356    0.632006    0.035423    0.154816   0.0149857   0.0614467   0.0055473   0.0341398
  0.0652095    0.573023   0.0420185    0.190304   0.0156402   0.0658608  0.00707944    0.040864
  0.0674073    0.516019   0.0490518    0.228772   0.0158379   0.0671669  0.00883161   0.0469132
  0.0675588    0.460372   0.0552582    0.269573   0.0157943   0.0675838   0.0107057   0.0531541
  0.0661108      0.4079   0.0606774    0.312358   0.0152272   0.0667171   0.0123161    0.058694
  0.0630948    0.360373   0.0655185    0.357328    0.014032    0.062973   0.0137761   0.0629043
  0.0583997    0.314698   0.0682015    0.405497   0.0126169   0.0592424   0.0148246   0.0665194
  0.0530458    0.271899   0.0698334     0.45651   0.0108747   0.0538442   0.0154955   0.0684972
  0.0472705    0.231378   0.0700482    0.510502   0.0092195   0.0478038   0.0158038   0.0679742
  0.0410027    0.193442   0.0684145    0.567323  0.00745012    0.041136   0.0155979   0.0656341
  0.0338007    0.156037   0.0628319    0.631561  0.00568752   0.0344592   0.0145177    0.061105
  0.0269585    0.120473   0.0556664    0.701477  0.00400411   0.0268022   0.0125756   0.0520429
  0.0200509    0.088829    0.046743    0.766418  0.00255732   0.0201428   0.0107638   0.0444956
  0.0135831   0.0596258   0.0351929    0.834165  0.00146518   0.0137689  0.00821742   0.0339817
 0.00777841    0.034232   0.0221301    0.900352 0.000648423  0.00796812  0.00520752   0.0216838
 0.00338259   0.0148669  0.00978705    0.956238 0.000267026  0.00348309  0.00231813  0.00965738
 0.00280653 9.61437e-05   0.0130105  0.00407174   0.0127916  0.00407885    0.945424   0.0177207
 0.00531567 0.000504168   0.0229857   0.0079852   0.0242835  0.00833017    0.895811   0.0347843
 0.00826946  0.00143067   0.0361654   0.0141498   0.0361023   0.0142145    0.829659   0.0600085
  0.0110932  0.00263848   0.0485438   0.0210774   0.0482291   0.0211145    0.757312   0.0899914
  0.0131754  0.00413311   0.0574472   0.0280568   0.0573779   0.0281458    0.690183    0.121481
  0.0147026  0.00573051   0.0633576   0.0347061   0.0654318   0.0354767    0.625817    0.154778
  0.0153656  0.00746092   0.0675493    0.041694     0.06888    0.042099    0.567297    0.189654
   0.015534   0.0091438   0.0703989    0.048454   0.0699735   0.0482107    0.509669    0.228616
  0.0152347   0.0109533   0.0707273   0.0548285   0.0694311   0.0542501    0.456978    0.267597
  0.0149289   0.0129539   0.0691401   0.0603887    0.068969   0.0606345    0.404488    0.308497
  0.0138518   0.0143716   0.0664605    0.065428   0.0652485   0.0644089    0.356473    0.353758
  0.0121699   0.0151041   0.0610477   0.0672974   0.0605395   0.0673785    0.312265    0.404198
  0.0104322   0.0158714   0.0551056   0.0690859   0.0550048   0.0694293    0.270622    0.454449
 0.00877205   0.0162246   0.0491397   0.0695825   0.0489917   0.0695618    0.230312    0.507415
   0.007174   0.0161334   0.0428572   0.0681927   0.0424332   0.0675335    0.192653    0.563023
 0.00545852   0.0154931   0.0361641    0.065214   0.0354519    0.063826    0.156441    0.621951
  0.0038254   0.0141221   0.0290629   0.0590221   0.0286439   0.0583915    0.124068    0.682864
 0.00252766   0.0114536   0.0216105   0.0478773   0.0211434   0.0470792    0.089528     0.75878
 0.00141564  0.00902469   0.0149703   0.0371928   0.0147404   0.0370521   0.0617425    0.823862
0.000593062  0.00524284  0.00810539   0.0214712  0.00817623   0.0221511   0.0338957    0.900365
 0.00012298  0.00268058  0.00397766   0.0115541  0.00400165   0.0118142   0.0171229    0.948726
 0.00284424   0.0118219 0.000315246  0.00403055   0.0120178    0.948017   0.0040746   0.0168791
 0.00550262    0.023051  0.00066028  0.00808341   0.0233987    0.897093  0.00816333   0.0340472
  0.0082205   0.0352192  0.00145855   0.0138545   0.0350939    0.833693   0.0138334   0.0586271
  0.0110302   0.0474392  0.00270994   0.0209267   0.0474198    0.759647   0.0210029   0.0898246
  0.0137095   0.0580194  0.00418656    0.028135   0.0590533    0.684816   0.0285334    0.123547
  0.0151565   0.0645858  0.00590958   0.0351864   0.0647566    0.623325   0.0352064    0.155874
  0.0157767   0.0687039  0.00766748   0.0421897    0.067626    0.564878   0.0416538    0.191504
  0.0158428   0.0696936  0.00951122   0.0484127   0.0696939    0.510097   0.0486189     0.22813
  0.0156264   0.0697184   0.0113498   0.0547038   0.0698234    0.456123   0.0545758    0.268079
  0.0147302   0.0674894   0.0129992    0.059995   0.0673826    0.406767   0.0596868     0.31095
  0.0135487   0.0637937   0.0143301   0.0639408   0.0646481    0.358588   0.0643811     0.35677
  0.0120489   0.0590194   0.0153886   0.0668933   0.0603386    0.313723   0.0677577     0.40483
  0.0105704   0.0542773   0.0163015   0.0694047   0.0547417    0.270804   0.0692708    0.454629
 0.00889522   0.0483026   0.0166364   0.0693141   0.0489141    0.230297   0.0699178    0.507722
 0.00714953   0.0415421   0.0165238   0.0674534   0.0426291    0.192961   0.0687415       0.563
 0.00546927   0.0352063   0.0157932   0.0646078   0.0354843     0.15708   0.0643048    0.622054
 0.00381433   0.0282583   0.0145106   0.0588365   0.0286928    0.124079   0.0592454    0.682563
 0.00257359   0.0212036   0.0119548   0.0483341   0.0214196    0.090157   0.0482904    0.756067
 0.00140037   0.0143729  0.00912504   0.0367103   0.0145713    0.060556   0.0369037     0.82636
0.000472025  0.00778487  0.00515766   0.0217117  0.00788543   0.0333791   0.0215646    0.902045
 4.9424e-05  0.00375728  0.00260963   0.0115072   0.0037823   0.0165394   0.0114563    0.950298
 0.00261695   0.0112016    0.011398     0.95011 0.000281405  0.00392959  0.00391587   0.0165464
 0.00505941   0.0218109   0.0222084    0.901262 0.000591309  0.00787055   0.0078486    0.033349
 0.00778781   0.0336852   0.0343088    0.839154  0.00135172   0.0134043   0.0133996   0.0569082
  0.0105428   0.0460315   0.0461573    0.767171  0.00258718   0.0204902   0.0202203   0.0867998
  0.0129389   0.0555647   0.0568103    0.695696  0.00414461   0.0276601   0.0276843    0.119501
  0.0145859    0.063495   0.0638735    0.629024  0.00578671   0.0350736   0.0346415    0.153519
  0.0154032   0.0671515   0.0689534    0.567628  0.00746864    0.041515   0.0418256    0.190055
  0.0155153   0.0692817     0.07026    0.511373  0.00924155    0.048405   0.0480047    0.227919
  0.0152131   0.0690282   0.0701532    0.457867   0.0110303   0.0543986   0.0541215    0.268188
  0.0143498   0.0671329   0.0683238    0.407986   0.0125781   0.0597732   0.0594299    0.310427
  0.0132596   0.0637147   0.0651453    0.360309   0.0141623   0.0642509   0.0643909    0.354768
  0.0122686   0.0606169   0.0607707    0.312724   0.0156547   0.0686367   0.0676462    0.401682
  0.0105698   0.0545461   0.0556421    0.269781   0.0160881   0.0690246   0.0693983     0.45495
 0.00879457   0.0484531   0.0491066    0.229782   0.0161654   0.0689909   0.0684127    0.510294
 0.00701717   0.0420724   0.0420982     0.19215   0.0159721    0.067564   0.0663376    0.566788
 0.00530733   0.0345093    0.035768    0.155797   0.0150606   0.0618995   0.0635728    0.628085
 0.00370943   0.0277391   0.0283749    0.122063   0.0134474   0.0559473   0.0561547    0.692564
 0.00236474   0.0212404   0.0213181   0.0915504   0.0115487   0.0482817   0.0473439    0.756352
 0.00137428   0.0145834   0.0146331   0.0621623  0.00864452   0.0361407   0.0353976    0.827064
 0.00045951   0.0078881  0.00795074   0.0341376  0.00495962   0.0215168   0.0210353    0.902052
 4.5333e-05  0.00381482  0.00380967   0.0168532  0.00254787   0.0115282   0.0112639    0.950137
     0.1942   0.0833174       0.117   0.0496846    0.252062    0.101278    0.141234   0.0612245
   0.199426   0.0468443    0.207707   0.0461893    0.206235   0.0461373    0.201804   0.0456561
   0.202318    0.204864    0.046871   0.0454092    0.206172    0.203867   0.0453207   0.0451778
   0.200786      0.2041    0.206806    0.202957   0.0471824   0.0463736   0.0459411   0.0458536
  0.0444005   0.0457649    0.207901    0.203965   0.0462087   0.0459659    0.203767    0.202028
   0.046197   0.0472922   0.0482434   0.0471054    0.203962    0.203147    0.203083     0.20097
  0.0457888    0.204637    0.047651    0.202504   0.0468904    0.202777   0.0467327     0.20302
     0.0696    0.453504   0.0374722    0.157003   0.0368435    0.156102   0.0160899   0.0733844
   0.444347   0.0720765    0.161946    0.036753    0.159304   0.0367471   0.0730458   0.0157813
  0.0354849   0.0695693   0.0165761   0.0363083     0.15856    0.452991   0.0744832    0.156026
   0.152958   0.0366082     0.45967    0.069309   0.0743645   0.0160738    0.155342   0.0356749
  0.0360397    0.157129   0.0726008    0.451257   0.0164843    0.073693   0.0368614    0.155934
  0.0351953   0.0159779    0.158729   0.0735121   0.0705921    0.036219    0.454123    0.155652
   0.015724   0.0368263   0.0372685   0.0707118   0.0746824    0.157464    0.157263     0.45006
  0.0697591    0.036741   0.0373597   0.0160366    0.454143    0.156673    0.156006   0.0732815
  0.0191446   0.0484229   0.0889115    0.219323   0.0313589    0.068806    0.130591    0.393442
  0.0780702   0.0180009    0.144855   0.0337223    0.188496   0.0428642    0.423051   0.0709402
  0.0790619    0.187367   0.0185333   0.0427109    0.143196     0.42456   0.0338735   0.0706977
   0.431162   0.0707523    0.124659   0.0285453    0.208382   0.0456347   0.0747868   0.0160781
   0.183914   0.0426061   0.0819554   0.0176188    0.430725   0.0695834    0.140623   0.0329744
   0.160605    0.220312    0.177423    0.235872   0.0444209   0.0561737    0.046157   0.0590361
   0.155035   0.0742268    0.458138    0.154789   0.0371002   0.0161351   0.0690402    0.035535
   0.447418    0.156434   0.0735137   0.0365054    0.159372   0.0739212   0.0367687   0.0160669
  0.0675341    0.033347    0.433887    0.140411   0.0425562   0.0177194    0.186212   0.0783329
  0.0535053   0.0220182   0.0159329  0.00330265    0.724242   0.0920047   0.0642545   0.0247398
  0.0174799   0.0804028   0.0437535    0.187684   0.0339488    0.141353   0.0704046    0.424974
   0.209229    0.181456   0.0589094   0.0501683    0.212869    0.180586    0.056924   0.0498587
   0.206448    0.125913    0.215484    0.127132   0.0999346   0.0618525    0.100297   0.0629379
  0.0996986    0.101281   0.0417024   0.0403985    0.265012     0.26333   0.0946404   0.0939374
  0.0414475   0.0177297   0.0710935   0.0333339    0.188431   0.0797757    0.426186    0.142003
  0.0391772   0.0431671    0.101392    0.106693   0.0918538   0.0971719    0.250076    0.270469
  0.0690878   0.0969952    0.243459    0.395218   0.0197865   0.0288126   0.0621742   0.0844665
   0.100414   0.0410792    0.254319    0.090366    0.108661   0.0431298    0.267069   0.0949628
  0.0337999    0.116939   0.0536673     0.18223   0.0528808    0.180141   0.0778231    0.302519
  0.0966291    0.263116   0.0447969    0.104693    0.095748    0.251258   0.0423397     0.10142
  0.0226164   0.0367884   0.0923034    0.139331   0.0528057   0.0764002    0.208381    0.371373
   0.106979    0.492412   0.0511642    0.148048   0.0368418    0.102543   0.0143663   0.0476453
  0.0993263    0.207749    0.103963    0.210599   0.0641292    0.124127   0.0643488    0.125758
  0.0647168   0.0202888   0.0211808  0.00347134    0.723743   0.0713104   0.0732316   0.0220576
  0.0356416    0.070856    0.159841    0.450706    0.016304   0.0366737   0.0738789    0.156098
   0.155103   0.0743338   0.0375869   0.0160115    0.453411     0.15672   0.0705491   0.0362846
   0.156448    0.450329   0.0753187    0.156958   0.0374883   0.0709581   0.0160357   0.0364646
  0.0357445    0.156973   0.0165902   0.0742031    0.071015     0.45399    0.036502    0.154982
   0.732783   0.0679635   0.0700481   0.0196673   0.0676474   0.0194929   0.0196246  0.00277276
  0.0518279   0.0800418   0.0224213   0.0363552     0.20583    0.389106   0.0828588    0.131559
   0.119531    0.248349   0.0293817   0.0535401    0.145406    0.308137    0.033895   0.0617604
  0.0503403    0.128279    0.130255    0.450595   0.0185732   0.0500972   0.0497748    0.122086
   0.104001    0.143722   0.0845819    0.111398    0.132988    0.181871    0.102773    0.138665
   0.282885    0.146326    0.249556     0.12697   0.0663277   0.0376797   0.0577149   0.0325419
   0.459112    0.125693    0.129575   0.0492526    0.123102   0.0481021   0.0483042   0.0168598
   0.122316   0.0472257    0.050023   0.0163874    0.473364    0.119481    0.124186   0.0470168
  0.0221905   0.0263029    0.100921    0.111731   0.0580167   0.0638887    0.282446    0.334503
  0.0655757   0.0688107   0.0703717   0.0708224    0.176227    0.179823    0.181392    0.186978
   0.580494    0.137639   0.0868944   0.0378097   0.0862184   0.0380689    0.024817  0.00805896
  0.0237167   0.0226246   0.0642241     0.05956      0.1055   0.0979062    0.328897    0.297572
   0.184951    0.195453   0.0698821   0.0700564    0.171788    0.180196   0.0626365   0.0650371
    0.32486    0.299726    0.106507   0.0970512   0.0645785   0.0601072   0.0245151   0.0226552
  0.0955736    0.022838    0.303879   0.0589117    0.105017   0.0244268    0.327156   0.0621988
  0.0613114    0.060028    0.334751    0.295858   0.0243968   0.0229639    0.102926   0.0977643
  0.0965471    0.104135   0.0233584   0.0242652    0.301567     0.32805   0.0594412   0.0626358
  0.0961846    0.301214    0.106002    0.327369   0.0230042   0.0595166   0.0241533   0.0625553
  0.0223338   0.0981714   0.0252206    0.104837   0.0609256    0.299749   0.0638721    0.324891
   0.189351   0.0688337    0.174869   0.0616513    0.198159   0.0692299     0.17547   0.0624361
  0.0669181   0.0610035     0.19835    0.169371   0.0701479   0.0623559    0.199113     0.17274
    0.24858     0.23601   0.0810021   0.0750842    0.137865    0.129842   0.0470322    0.044585
  0.0225949     0.06275   0.0235532   0.0626971   0.0990862    0.315557   0.0977119    0.316049
  0.0607793    0.319475   0.0629632    0.317266   0.0228439   0.0973251   0.0224537   0.0968939
  0.0612628   0.0624127   0.0233712   0.0227098    0.319878    0.317144   0.0970578   0.0961644
  0.0618874    0.317096   0.0236189   0.0969299   0.0633747    0.317548   0.0230529   0.0964914
    0.10145    0.024458   0.0898296   0.0200309      0.3628   0.0653726    0.279263   0.0567968
  0.0696436    0.115061   0.0170462   0.0292706    0.206711    0.438031   0.0488644    0.075372
   0.164447   0.0510906    0.342211   0.0846278   0.0994934   0.0303226    0.174996    0.052812
   0.094993    0.129105   0.0266187   0.0352289    0.233567    0.346939   0.0582763   0.0752721
  0.0946754   0.0889609     0.35326    0.296652   0.0228999   0.0204964    0.063948   0.0591072
  0.0578208   0.0199522    0.306437   0.0863781   0.0652532   0.0226177    0.345897    0.095644
   0.344891    0.297776   0.0675163   0.0600754   0.0980404   0.0884569   0.0228495   0.0203944
  0.0273877   0.0705995   0.0105456   0.0341815    0.116645    0.544402   0.0517471    0.144491
   0.295501    0.089293     0.35275    0.095135   0.0611889   0.0203246   0.0639972   0.0218098
  0.0224642   0.0976332   0.0673771    0.345726   0.0208053   0.0880711   0.0609027     0.29702
  0.0635188   0.0226918   0.0609224    0.020191    0.349639   0.0961471    0.299064   0.0878265
  0.0220597   0.0679567   0.0981729    0.377586   0.0184107   0.0576414   0.0804076    0.277765
  0.0218143   0.0140979   0.0964611   0.0658812   0.0714508    0.050908    0.443915    0.235472
  0.0703924    0.031249     0.17774   0.0747101    0.122631   0.0535662    0.345358    0.124353
  0.0902715   0.0216623    0.453947   0.0686328   0.0649489   0.0136315    0.236939   0.0499666
  0.0891826    0.141436   0.0596079   0.0899102    0.145432    0.239045   0.0916485    0.143738
  0.0866196   0.0583945    0.140754   0.0904329    0.144058    0.093805    0.237415    0.148521
  0.0496636   0.0710386    0.241635    0.446063   0.0138515   0.0221153   0.0640406   0.0915928
   0.012369   0.0477007   0.0231135   0.0710637   0.0619265    0.219124   0.0950989    0.469603
    0.14356    0.239669   0.0972111    0.144188   0.0903181    0.137786   0.0590517   0.0882167
   0.141501   0.0896679     0.24212    0.137862   0.0940551   0.0587916    0.146259   0.0897433
  0.0934472    0.454353   0.0657067    0.230833   0.0227504   0.0700328   0.0134986   0.0493782
  0.0221995   0.0951869   0.0141117   0.0645282   0.0714052    0.452009   0.0500386    0.230521
  0.0926916   0.0649105   0.0229576   0.0136109    0.455955    0.230173   0.0703023   0.0493992
   0.057907   0.0933325   0.0912163    0.142222   0.0931908    0.147148    0.140727    0.234257
  0.0674398   0.0150664    0.090556    0.020824    0.265916    0.054564    0.416801   0.0688335
   0.231487    0.140435    0.147884   0.0905373    0.147598    0.089944   0.0935983   0.0585161
  0.0758432   0.0661709   0.0959293   0.0800882    0.167141     0.13905    0.206011    0.169768
   0.288748    0.060762    0.278451   0.0573182    0.130962    0.030822    0.123862   0.0290756
  0.0133543   0.0221975   0.0516504   0.0710977   0.0658643   0.0928828    0.238347    0.444606
  0.0489327   0.0324276   0.0855302   0.0559675    0.164346    0.104863    0.323193     0.18474
  0.0647357    0.240387   0.0186202   0.0633101    0.090838    0.408942   0.0268542   0.0863126
 0.00663342   0.0340267   0.0341668     0.12033   0.0241577   0.0820326    0.080645    0.618008
 0.00697038   0.0274261   0.0419827    0.114338   0.0272944   0.0684865    0.112457    0.601046
  0.0771578   0.0543838    0.051617   0.0337568    0.312491    0.185941    0.172043     0.11261
   0.465743   0.0720365    0.223341   0.0474549   0.0961771   0.0225445   0.0604268   0.0122764
  0.0950362     0.14215    0.153773    0.232695    0.060714   0.0874182   0.0926203    0.135593
   0.233447   0.0634319   0.0653055   0.0172615    0.418961   0.0875459   0.0878974   0.0261498
  0.0471207   0.0711171   0.0133366   0.0226815     0.21992    0.470741   0.0612743   0.0938084
   0.490546   0.0942184   0.0736363   0.0223805    0.206034    0.056638   0.0451287   0.0114182
  0.0472965    0.219922   0.0729551    0.469292   0.0129573   0.0606139    0.022672   0.0942915
  0.0869111    0.295852   0.0293891   0.0819425   0.0903925    0.303679   0.0290659   0.0827683
  0.0306806   0.0540927   0.0539115   0.0870678    0.101392    0.175182    0.170337    0.327336
  0.0189351   0.0681466   0.0681825    0.247401   0.0280103   0.0904779   0.0883279    0.390519
   0.221372    0.125415    0.051431    0.029613    0.308578    0.163188    0.062087   0.0383159
   0.181503    0.306068    0.118845    0.180401    0.052765   0.0763647   0.0333651   0.0506879
  0.0517869    0.183285   0.0349024     0.11512   0.0781489    0.305902   0.0520113    0.178844
   0.218581   0.0502823    0.313943   0.0613527    0.127238     0.02988    0.161087   0.0376359
   0.501668    0.198286   0.0728834   0.0435724   0.0948281   0.0555249   0.0222944   0.0109426
   0.179402    0.101413    0.337059    0.162343   0.0555698   0.0310416   0.0839211   0.0492496
  0.0339809   0.0571732    0.118307    0.196639   0.0501491   0.0793718    0.165171    0.299208
  0.0118042   0.0546861   0.0554593    0.232752   0.0208895   0.0786115   0.0788922    0.466905
  0.0565227    0.011886    0.205965   0.0443668    0.097102   0.0230752    0.490731   0.0703515
  0.0367625    0.105403  0.00657244   0.0252862    0.106491     0.62865   0.0252836   0.0655518
  0.0699131    0.452248    0.021866   0.0885661   0.0519882    0.239929   0.0134056   0.0620834
  0.0925035   0.0749106    0.025482   0.0185532    0.388915    0.263063   0.0758839    0.060688
    0.40064    0.100621    0.176814   0.0550391    0.131502   0.0430747   0.0704456   0.0218642
 0.00648029   0.0391913   0.0252377    0.102974   0.0273389    0.114059   0.0663184    0.618401
   0.320462    0.183393    0.084408   0.0536354    0.171016    0.104891    0.050621   0.0315744
    0.30519    0.166418    0.196571    0.111561   0.0812776   0.0494072   0.0561377   0.0334386
   0.103113    0.636629   0.0254516   0.0633986   0.0373647    0.103327  0.00620241    0.024513
  0.0925128    0.125115    0.119339    0.158159   0.0968194    0.129085    0.117956    0.161014
  0.0238401  0.00605376   0.0644532   0.0244285    0.105653   0.0368044    0.635778    0.102989
  0.0687856   0.0448762    0.498432     0.20137   0.0230743   0.0120006   0.0942918   0.0571697
   0.488364    0.203822   0.0988801   0.0580551    0.071892   0.0444615   0.0228947    0.011631
   0.103121    0.173766    0.181661     0.32177   0.0322507   0.0521739    0.052613   0.0826442
  0.0232215   0.0637243  0.00569396   0.0237333   0.0988966    0.652837   0.0340401   0.0978527
  0.0229839   0.0978752  0.00571666   0.0338804   0.0626333    0.656034   0.0235335   0.0973434
  0.0217162    0.093796   0.0707601    0.546875  0.00955495   0.0494361   0.0385964    0.169266
  0.0227827   0.0629654   0.0983315    0.655526  0.00555649   0.0236894   0.0335937   0.0975551
  0.0489476    0.030026    0.167791    0.097849   0.0861531   0.0534338    0.339863    0.175937
  0.0436127   0.0652231   0.0367553    0.053646    0.172656    0.278842     0.13657    0.212696
  0.0954522    0.661083   0.0346703   0.0965963   0.0232761    0.060663  0.00540449   0.0228543
  0.0619869    0.657241   0.0238475   0.0965415    0.023778   0.0977687  0.00540233   0.0334341
   0.167682    0.309104   0.0404717   0.0618002    0.126785      0.2167   0.0293654   0.0480917
  0.0119631   0.0596512   0.0233149   0.0951458    0.047269    0.212433   0.0717147    0.478508
  0.0536937    0.185661   0.0858224    0.336412   0.0305283   0.0996118   0.0483747    0.159896
  0.0696866   0.0448049   0.0229249    0.011455      0.4985    0.202863   0.0932038   0.0565617
  0.0694953    0.499194   0.0455737    0.202539    0.022535   0.0926454   0.0114834   0.0565346
  0.0228796  0.00553849   0.0994522   0.0337564   0.0635203   0.0235123    0.655134    0.096207
  0.0222989   0.0718748   0.0131874   0.0481432   0.0952657    0.470447   0.0610999    0.217683
   0.167349     0.09674   0.0530075   0.0294681    0.346218    0.169044    0.086496   0.0516765
   0.255094   0.0947031     0.26442   0.0946816    0.104316   0.0416384    0.103406   0.0417405
  0.0959357   0.0338154    0.661635    0.094896   0.0238268   0.0055429   0.0616212   0.0227266
  0.0946209   0.0230606    0.663536   0.0606895   0.0339628  0.00536165    0.096202   0.0225664
  0.0843223    0.340831    0.056464    0.182885   0.0492156    0.159576   0.0298552   0.0968508
   0.182683   0.0566106    0.101891   0.0305667    0.336394   0.0854578    0.158172   0.0482256
